# X(km) Y(km) gz_pred(mGal)
0.500000 0.500000 0.396939
0.500000 1.980000 0.431108
0.500000 3.470000 0.472516
0.500000 4.950000 0.519553
0.500000 6.430000 0.561870
0.500000 7.920000 0.609364
0.500000 9.400000 0.663004
0.500000 10.880000 0.719462
0.500000 12.370000 0.770709
0.500000 13.850000 0.819297
0.500000 15.330000 0.871526
0.500000 16.810000 0.917614
0.500000 18.300000 0.959109
0.500000 19.780000 0.988530
0.500000 21.260000 1.003310
0.500000 22.750000 1.005904
0.500000 24.230000 1.002089
0.500000 25.710000 0.981571
0.500000 27.200000 0.948768
0.500000 28.680000 0.902591
0.500000 30.160000 0.860729
0.500000 31.650000 0.808996
0.500000 33.130000 0.753079
0.500000 34.610000 0.697153
0.500000 36.100000 0.641298
0.500000 37.580000 0.589641
0.500000 39.060000 0.547171
0.500000 40.540000 0.501878
0.500000 42.030000 0.459924
0.500000 43.510000 0.418877
1.990000 0.500000 0.431112
1.990000 1.980000 0.479270
1.990000 3.470000 0.519989
1.990000 4.950000 0.569874
1.990000 6.430000 0.626342
1.990000 7.920000 0.688618
1.990000 9.400000 0.750816
1.990000 10.880000 0.818980
1.990000 12.370000 0.890887
1.990000 13.850000 0.960295
1.990000 15.330000 1.029203
1.990000 16.810000 1.090496
1.990000 18.300000 1.142625
1.990000 19.780000 1.182612
1.990000 21.260000 1.206551
1.990000 22.750000 1.212345
1.990000 24.230000 1.200541
1.990000 25.710000 1.169309
1.990000 27.200000 1.127530
1.990000 28.680000 1.069043
1.990000 30.160000 1.009359
1.990000 31.650000 0.940312
1.990000 33.130000 0.869626
1.990000 34.610000 0.800624
1.990000 36.100000 0.731724
1.990000 37.580000 0.668326
1.990000 39.060000 0.613922
1.990000 40.540000 0.558809
1.990000 42.030000 0.508971
1.990000 43.510000 0.461565
3.470000 0.500000 0.477637
3.470000 1.980000 0.522270
3.470000 3.470000 0.577710
3.470000 4.950000 0.643381
3.470000 6.430000 0.708243
3.470000 7.920000 0.783867
3.470000 9.400000 0.860952
3.470000 10.880000 0.947105
3.470000 12.370000 1.038262
3.470000 13.850000 1.130633
3.470000 15.330000 1.217719
3.470000 16.810000 1.299470
3.470000 18.300000 1.370377
3.470000 19.780000 1.427575
3.470000 21.260000 1.460000
3.470000 22.750000 1.468209
3.470000 24.230000 1.452167
3.470000 25.710000 1.409651
3.470000 27.200000 1.350069
3.470000 28.680000 1.271963
3.470000 30.160000 1.189521
3.470000 31.650000 1.098713
3.470000 33.130000 1.007297
3.470000 34.610000 0.920126
3.470000 36.100000 0.837303
3.470000 37.580000 0.761162
3.470000 39.060000 0.688118
3.470000 40.540000 0.620536
3.470000 42.030000 0.561142
3.470000 43.510000 0.509087
4.960000 0.500000 0.525480
4.960000 1.980000 0.574839
4.960000 3.470000 0.641006
4.960000 4.950000 0.719611
4.960000 6.430000 0.798511
4.960000 7.920000 0.890718
4.960000 9.400000 0.986694
4.960000 10.880000 1.094222
4.960000 12.370000 1.210482
4.960000 13.850000 1.330914
4.960000 15.330000 1.448153
4.960000 16.810000 1.560643
4.960000 18.300000 1.660516
4.960000 19.780000 1.741687
4.960000 21.260000 1.789294
4.960000 22.750000 1.802528
4.960000 24.230000 1.778334
4.960000 25.710000 1.718292
4.960000 27.200000 1.633596
4.960000 28.680000 1.526267
4.960000 30.160000 1.411865
4.960000 31.650000 1.290408
4.960000 33.130000 1.171721
4.960000 34.610000 1.059684
4.960000 36.100000 0.955386
4.960000 37.580000 0.859897
4.960000 39.060000 0.769737
4.960000 40.540000 0.689088
4.960000 42.030000 0.618750
4.960000 43.510000 0.560631
6.440000 0.500000 0.571366
6.440000 1.980000 0.630180
6.440000 3.470000 0.708420
6.440000 4.950000 0.801285
6.440000 6.430000 0.895731
6.440000 7.920000 1.008110
6.440000 9.400000 1.126634
6.440000 10.880000 1.260699
6.440000 12.370000 1.411221
6.440000 13.850000 1.569869
6.440000 15.330000 1.730857
6.440000 16.810000 1.889102
6.440000 18.300000 2.031289
6.440000 19.780000 2.149700
6.440000 21.260000 2.217865
6.440000 22.750000 2.240148
6.440000 24.230000 2.198553
6.440000 25.710000 2.110885
6.440000 27.200000 1.989909
6.440000 28.680000 1.840597
6.440000 30.160000 1.680899
6.440000 31.650000 1.516689
6.440000 33.130000 1.362642
6.440000 34.610000 1.217499
6.440000 36.100000 1.087799
6.440000 37.580000 0.969388
6.440000 39.060000 0.861577
6.440000 40.540000 0.768069
6.440000 42.030000 0.680451
6.440000 43.510000 0.611225
7.930000 0.500000 0.618618
7.930000 1.980000 0.691065
7.930000 3.470000 0.780704
7.930000 4.950000 0.887368
7.930000 6.430000 1.001895
7.930000 7.920000 1.138166
7.930000 9.400000 1.288506
7.930000 10.880000 1.459713
7.930000 12.370000 1.651968
7.930000 13.850000 1.859829
7.930000 15.330000 2.078923
7.930000 16.810000 2.298302
7.930000 18.300000 2.500947
7.930000 19.780000 2.669204
7.930000 21.260000 2.771719
7.930000 22.750000 2.802713
7.930000 24.230000 2.744197
7.930000 25.710000 2.617059
7.930000 27.200000 2.439967
7.930000 28.680000 2.230146
7.930000 30.160000 2.010059
7.930000 31.650000 1.791046
7.930000 33.130000 1.589297
7.930000 34.610000 1.403176
7.930000 36.100000 1.238712
7.930000 37.580000 1.091646
7.930000 39.060000 0.961163
7.930000 40.540000 0.850382
7.930000 42.030000 0.750404
7.930000 43.510000 0.669006
9.410000 0.500000 0.667851
9.410000 1.980000 0.760147
9.410000 3.470000 0.859374
9.410000 4.950000 0.982490
9.410000 6.430000 1.117662
9.410000 7.920000 1.281292
9.410000 9.400000 1.471012
9.410000 10.880000 1.690351
9.410000 12.370000 1.931069
9.410000 13.850000 2.200362
9.410000 15.330000 2.497290
9.410000 16.810000 2.800969
9.410000 18.300000 3.087673
9.410000 19.780000 3.329927
9.410000 21.260000 3.482343
9.410000 22.750000 3.527005
9.410000 24.230000 3.442160
9.410000 25.710000 3.255948
9.410000 27.200000 2.996239
9.410000 28.680000 2.700693
9.410000 30.160000 2.399986
9.410000 31.650000 2.109073
9.410000 33.130000 1.846691
9.410000 34.610000 1.609078
9.410000 36.100000 1.406785
9.410000 37.580000 1.228515
9.410000 39.060000 1.070402
9.410000 40.540000 0.940106
9.410000 42.030000 0.826956
9.410000 43.510000 0.731233
10.900000 0.500000 0.720305
10.900000 1.980000 0.823620
10.900000 3.470000 0.940299
10.900000 4.950000 1.082627
10.900000 6.430000 1.244675
10.900000 7.920000 1.440292
10.900000 9.400000 1.669480
10.900000 10.880000 1.939610
10.900000 12.370000 2.248839
10.900000 13.850000 2.600210
10.900000 15.330000 2.994396
10.900000 16.810000 3.407896
10.900000 18.300000 3.812890
10.900000 19.780000 4.159505
10.900000 21.260000 4.388309
10.900000 22.750000 4.453001
10.900000 24.230000 4.329047
10.900000 25.710000 4.054758
10.900000 27.200000 3.682088
10.900000 28.680000 3.269477
10.900000 30.160000 2.862515
10.900000 31.650000 2.480052
10.900000 33.130000 2.142231
10.900000 34.610000 1.844119
10.900000 36.100000 1.591084
10.900000 37.580000 1.373518
10.900000 39.060000 1.186473
10.900000 40.540000 1.032400
10.900000 42.030000 0.901905
10.900000 43.510000 0.791314
12.390000 0.500000 0.777404
12.390000 1.980000 0.893326
12.390000 3.470000 1.026965
12.390000 4.950000 1.192616
12.390000 6.430000 1.381245
12.390000 7.920000 1.613292
12.390000 9.400000 1.883893
12.390000 10.880000 2.212370
12.390000 12.370000 2.600555
12.390000 13.850000 3.048908
12.390000 15.330000 3.567284
12.390000 16.810000 4.121784
12.390000 18.300000 4.681318
12.390000 19.780000 5.166350
12.390000 21.260000 5.499322
12.390000 22.750000 5.588237
12.390000 24.230000 5.413551
12.390000 25.710000 5.016388
12.390000 27.200000 4.498581
12.390000 28.680000 3.931286
12.390000 30.160000 3.392410
12.390000 31.650000 2.895405
12.390000 33.130000 2.468577
12.390000 34.610000 2.098102
12.390000 36.100000 1.790007
12.390000 37.580000 1.529025
12.390000 39.060000 1.309581
12.390000 40.540000 1.129107
12.390000 42.030000 0.977920
12.390000 43.510000 0.852169
13.870000 0.500000 0.832235
13.870000 1.980000 0.960407
13.870000 3.470000 1.113371
13.870000 4.950000 1.300165
13.870000 6.430000 1.518808
13.870000 7.920000 1.788067
13.870000 9.400000 2.110588
13.870000 10.880000 2.507087
13.870000 12.370000 2.985929
13.870000 13.850000 3.549756
13.870000 15.330000 4.208361
13.870000 16.810000 4.933702
13.870000 18.300000 5.685298
13.870000 19.780000 6.349664
13.870000 21.260000 6.808229
13.870000 22.750000 6.935731
13.870000 24.230000 6.690451
13.870000 25.710000 6.148520
13.870000 27.200000 5.439617
13.870000 28.680000 4.686104
13.870000 30.160000 3.982018
13.870000 31.650000 3.351449
13.870000 33.130000 2.820798
13.870000 34.610000 2.370431
13.870000 36.100000 1.999749
13.870000 37.580000 1.691753
13.870000 39.060000 1.439179
13.870000 40.540000 1.231849
13.870000 42.030000 1.058838
13.870000 43.510000 0.918563
15.360000 0.500000 0.887497
15.360000 1.980000 1.031970
15.360000 3.470000 1.202783
15.360000 4.950000 1.414332
15.360000 6.430000 1.661101
15.360000 7.920000 1.972090
15.360000 9.400000 2.349149
15.360000 10.880000 2.821086
15.360000 12.370000 3.392693
15.360000 13.850000 4.078782
15.360000 15.330000 4.899776
15.360000 16.810000 5.821553
15.360000 18.300000 6.796551
15.360000 19.780000 7.667576
15.360000 21.260000 8.276478
15.360000 22.750000 8.438523
15.360000 24.230000 8.119031
15.360000 25.710000 7.397122
15.360000 27.200000 6.473582
15.360000 28.680000 5.499873
15.360000 30.160000 4.611484
15.360000 31.650000 3.826496
15.360000 33.130000 3.185725
15.360000 34.610000 2.644607
15.360000 36.100000 2.213786
15.360000 37.580000 1.856141
15.360000 39.060000 1.571486
15.360000 40.540000 1.337101
15.360000 42.030000 1.138822
15.360000 43.510000 0.980978
16.840000 0.500000 0.940990
16.840000 1.980000 1.097461
16.840000 3.470000 1.285562
16.840000 4.950000 1.517397
16.840000 6.430000 1.797418
16.840000 7.920000 2.149059
16.840000 9.400000 2.581911
16.840000 10.880000 3.124926
16.840000 12.370000 3.801302
16.840000 13.850000 4.620514
16.840000 15.330000 5.606209
16.840000 16.810000 6.737975
16.840000 18.300000 7.952457
16.840000 19.780000 9.055068
16.840000 21.260000 9.828603
16.840000 22.750000 10.048196
16.840000 24.230000 9.625583
16.840000 25.710000 8.717175
16.840000 27.200000 7.550390
16.840000 28.680000 6.349161
16.840000 30.160000 5.263480
16.840000 31.650000 4.327226
16.840000 33.130000 3.561067
16.840000 34.610000 2.931601
16.840000 36.100000 2.429804
16.840000 37.580000 2.022731
16.840000 39.060000 1.698553
16.840000 40.540000 1.433957
16.840000 42.030000 1.216344
16.840000 43.510000 1.042685
18.330000 0.500000 0.991119
18.330000 1.980000 1.162121
18.330000 3.470000 1.365721
18.330000 4.950000 1.620248
18.330000 6.430000 1.929648
18.330000 7.920000 2.322139
18.330000 9.400000 2.807490
18.330000 10.880000 3.420173
18.330000 12.370000 4.197452
18.330000 13.850000 5.146164
18.330000 15.330000 6.302608
18.330000 16.810000 7.648950
18.330000 18.300000 9.099005
18.330000 19.780000 10.427629
18.330000 21.260000 11.369365
18.330000 22.750000 11.632541
18.330000 24.230000 11.117822
18.330000 25.710000 10.008609
18.330000 27.200000 8.612663
18.330000 28.680000 7.179407
18.330000 30.160000 5.899007
18.330000 31.650000 4.807556
18.330000 33.130000 3.919116
18.330000 34.610000 3.197335
18.330000 36.100000 2.633597
18.330000 37.580000 2.177309
18.330000 39.060000 1.819529
18.330000 40.540000 1.526710
18.330000 42.030000 1.289905
18.330000 43.510000 1.099795
19.810000 0.500000 1.037807
19.810000 1.980000 1.215928
19.810000 3.470000 1.436185
19.810000 4.950000 1.710541
19.810000 6.430000 2.050230
19.810000 7.920000 2.481220
19.810000 9.400000 3.016513
19.810000 10.880000 3.697145
19.810000 12.370000 4.565272
19.810000 13.850000 5.636312
19.810000 15.330000 6.945526
19.810000 16.810000 8.484807
19.810000 18.300000 10.157302
19.810000 19.780000 11.697515
19.810000 21.260000 12.780338
19.810000 22.750000 13.093622
19.810000 24.230000 12.492650
19.810000 25.710000 11.222852
19.810000 27.200000 9.598955
19.810000 28.680000 7.955779
19.810000 30.160000 6.488142
19.810000 31.650000 5.254787
19.810000 33.130000 4.255377
19.810000 34.610000 3.456579
19.810000 36.100000 2.825654
19.810000 37.580000 2.325461
19.810000 39.060000 1.932451
19.810000 40.540000 1.613806
19.810000 42.030000 1.357616
19.810000 43.510000 1.150968
21.300000 0.500000 1.075118
21.300000 1.980000 1.261287
21.300000 3.470000 1.498163
21.300000 4.950000 1.793632
21.300000 6.430000 2.156843
21.300000 7.920000 2.622371
21.300000 9.400000 3.199951
21.300000 10.880000 3.941582
21.300000 12.370000 4.890377
21.300000 13.850000 6.071134
21.300000 15.330000 7.519541
21.300000 16.810000 9.235146
21.300000 18.300000 11.086485
21.300000 19.780000 12.799531
21.300000 21.260000 13.997021
21.300000 22.750000 14.336623
21.300000 24.230000 13.676990
21.300000 25.710000 12.262387
21.300000 27.200000 10.462599
21.300000 28.680000 8.641996
21.300000 30.160000 7.008757
21.300000 31.650000 5.650273
21.300000 33.130000 4.549235
21.300000 34.610000 3.678264
21.300000 36.100000 2.990855
21.300000 37.580000 2.449201
21.300000 39.060000 2.029754
21.300000 40.540000 1.689101
21.300000 42.030000 1.418545
21.300000 43.510000 1.200077
22.790000 0.500000 1.108837
22.790000 1.980000 1.300587
22.790000 3.470000 1.548380
22.790000 4.950000 1.859136
22.790000 6.430000 2.241675
22.790000 7.920000 2.731726
22.790000 9.400000 3.350267
22.790000 10.880000 4.144100
22.790000 12.370000 5.155878
22.790000 13.850000 6.421674
22.790000 15.330000 7.979785
22.790000 16.810000 9.823222
22.790000 18.300000 11.823372
22.790000 19.780000 13.667158
22.790000 21.260000 14.951661
22.790000 22.750000 15.321020
22.790000 24.230000 14.609678
22.790000 25.710000 13.096074
22.790000 27.200000 11.150382
22.790000 28.680000 9.187185
22.790000 30.160000 7.429338
22.790000 31.650000 5.967720
22.790000 33.130000 4.789789
22.790000 34.610000 3.860957
22.790000 36.100000 3.131334
22.790000 37.580000 2.560493
22.790000 39.060000 2.109633
22.790000 40.540000 1.749240
22.790000 42.030000 1.462242
22.790000 43.510000 1.231919
24.270000 0.500000 1.131233
24.270000 1.980000 1.329585
24.270000 3.470000 1.587509
24.270000 4.950000 1.913131
24.270000 6.430000 2.308673
24.270000 7.920000 2.819135
24.270000 9.400000 3.466146
24.270000 10.880000 4.301095
24.270000 12.370000 5.357388
24.270000 13.850000 6.689274
24.270000 15.330000 8.329549
24.270000 16.810000 10.275215
24.270000 18.300000 12.367331
24.270000 19.780000 14.299579
24.270000 21.260000 15.639490
24.270000 22.750000 16.015132
24.270000 24.230000 15.282339
24.270000 25.710000 13.692965
24.270000 27.200000 11.659965
24.270000 28.680000 9.602534
24.270000 30.160000 7.748435
24.270000 31.650000 6.213806
24.270000 33.130000 4.971616
24.270000 34.610000 3.996592
24.270000 36.100000 3.233959
24.270000 37.580000 2.638775
24.270000 39.060000 2.165904
24.270000 40.540000 1.791570
24.270000 42.030000 1.496117
24.270000 43.510000 1.260616
25.760000 0.500000 1.143360
25.760000 1.980000 1.349508
25.760000 3.470000 1.610031
25.760000 4.950000 1.938121
25.760000 6.430000 2.350642
25.760000 7.920000 2.874075
25.760000 9.400000 3.536835
25.760000 10.880000 4.388922
25.760000 12.370000 5.482335
25.760000 13.850000 6.854183
25.760000 15.330000 8.542755
25.760000 16.810000 10.537604
25.760000 18.300000 12.698830
25.760000 19.780000 14.684185
25.760000 21.260000 16.069265
25.760000 22.750000 16.465122
25.760000 24.230000 15.704625
25.760000 25.710000 14.073252
25.760000 27.200000 11.971941
25.760000 28.680000 9.844708
25.760000 30.160000 7.946010
25.760000 31.650000 6.364386
25.760000 33.130000 5.090097
25.760000 34.610000 4.086598
25.760000 36.100000 3.300488
25.760000 37.580000 2.688904
25.760000 39.060000 2.203164
25.760000 40.540000 1.822621
25.760000 42.030000 1.519237
25.760000 43.510000 1.280132
27.240000 0.500000 1.148952
27.240000 1.980000 1.360242
27.240000 3.470000 1.621480
27.240000 4.950000 1.950911
27.240000 6.430000 2.370234
27.240000 7.920000 2.899588
27.240000 9.400000 3.569021
27.240000 10.880000 4.429868
27.240000 12.370000 5.535421
27.240000 13.850000 6.925051
27.240000 15.330000 8.633855
27.240000 16.810000 10.654950
27.240000 18.300000 12.835190
27.240000 19.780000 14.838557
27.240000 21.260000 16.239499
27.240000 22.750000 16.632756
27.240000 24.230000 15.872774
27.240000 25.710000 14.219744
27.240000 27.200000 12.102946
27.240000 28.680000 9.951367
27.240000 30.160000 8.031286
27.240000 31.650000 6.431670
27.240000 33.130000 5.138819
27.240000 34.610000 4.122286
27.240000 36.100000 3.327340
27.240000 37.580000 2.710698
27.240000 39.060000 2.219158
27.240000 40.540000 1.837457
27.240000 42.030000 1.531205
27.240000 43.510000 1.289302
28.730000 0.500000 1.149658
28.730000 1.980000 1.358000
28.730000 3.470000 1.618738
28.730000 4.950000 1.946621
28.730000 6.430000 2.362774
28.730000 7.920000 2.888290
28.730000 9.400000 3.556061
28.730000 10.880000 4.411526
28.730000 12.370000 5.510882
28.730000 13.850000 6.891724
28.730000 15.330000 8.588781
28.730000 16.810000 10.595840
28.730000 18.300000 12.769122
28.730000 19.780000 14.764739
28.730000 21.260000 16.156480
28.730000 22.750000 16.554618
28.730000 24.230000 15.788791
28.730000 25.710000 14.146621
28.730000 27.200000 12.040201
28.730000 28.680000 9.897940
28.730000 30.160000 7.989639
28.730000 31.650000 6.394586
28.730000 33.130000 5.111589
28.730000 34.610000 4.099908
28.730000 36.100000 3.311254
28.730000 37.580000 2.698255
28.730000 39.060000 2.210544
28.730000 40.540000 1.829986
28.730000 42.030000 1.527816
28.730000 43.510000 1.282930
30.210000 0.500000 1.137885
30.210000 1.980000 1.343243
30.210000 3.470000 1.599889
30.210000 4.950000 1.921643
30.210000 6.430000 2.328778
30.210000 7.920000 2.843200
30.210000 9.400000 3.499706
30.210000 10.880000 4.338380
30.210000 12.370000 5.411561
30.210000 13.850000 6.760874
30.210000 15.330000 8.418431
30.210000 16.810000 10.383219
30.210000 18.300000 12.505222
30.210000 19.780000 14.457032
30.210000 21.260000 15.817497
30.210000 22.750000 16.203063
30.210000 24.230000 15.456666
30.210000 25.710000 13.845954
30.210000 27.200000 11.792639
30.210000 28.680000 9.698109
30.210000 30.160000 7.832780
30.210000 31.650000 6.273689
30.210000 33.130000 5.018649
30.210000 34.610000 4.029297
30.210000 36.100000 3.259727
30.210000 37.580000 2.661051
30.210000 39.060000 2.182766
30.210000 40.540000 1.808679
30.210000 42.030000 1.511013
30.210000 43.510000 1.267300
31.700000 0.500000 1.114765
31.700000 1.980000 1.317592
31.700000 3.470000 1.567884
31.700000 4.950000 1.881855
31.700000 6.430000 2.271942
31.700000 7.920000 2.768512
31.700000 9.400000 3.398917
31.700000 10.880000 4.203635
31.700000 12.370000 5.235064
31.700000 13.850000 6.527191
31.700000 15.330000 8.117243
31.700000 16.810000 10.000900
31.700000 18.300000 12.037454
31.700000 19.780000 13.914639
31.700000 21.260000 15.219487
31.700000 22.750000 15.595519
31.700000 24.230000 14.874907
31.700000 25.710000 13.332580
31.700000 27.200000 11.354262
31.700000 28.680000 9.344913
31.700000 30.160000 7.556738
31.700000 31.650000 6.063647
31.700000 33.130000 4.861659
31.700000 34.610000 3.912694
31.700000 36.100000 3.168633
31.700000 37.580000 2.588528
31.700000 39.060000 2.131353
31.700000 40.540000 1.769710
31.700000 42.030000 1.477133
31.700000 43.510000 1.241349
33.190000 0.500000 1.085892
33.190000 1.980000 1.280280
33.190000 3.470000 1.519913
33.190000 4.950000 1.819811
33.190000 6.430000 2.190341
33.190000 7.920000 2.661685
33.190000 9.400000 3.258336
33.190000 10.880000 4.018353
33.190000 12.370000 4.989490
33.190000 13.850000 6.203116
33.190000 15.330000 7.693448
33.190000 16.810000 9.458593
33.190000 18.300000 11.364433
33.190000 19.780000 13.124838
33.190000 21.260000 14.351594
33.190000 22.750000 14.704996
33.190000 24.230000 14.026894
33.190000 25.710000 12.575890
33.190000 27.200000 10.722068
33.190000 28.680000 8.840283
33.190000 30.160000 7.166916
33.190000 31.650000 5.769627
33.190000 33.130000 4.640346
33.190000 34.610000 3.746443
33.190000 36.100000 3.042671
33.190000 37.580000 2.491799
33.190000 39.060000 2.057264
33.190000 40.540000 1.711779
33.190000 42.030000 1.431495
33.190000 43.510000 1.208855
34.670000 0.500000 1.052364
34.670000 1.980000 1.231296
34.670000 3.470000 1.458349
34.670000 4.950000 1.739574
34.670000 6.430000 2.089903
34.670000 7.920000 2.531610
34.670000 9.400000 3.084697
34.670000 10.880000 3.788598
34.670000 12.370000 4.682953
34.670000 13.850000 5.796635
34.670000 15.330000 7.156590
34.670000 16.810000 8.761478
34.670000 18.300000 10.498522
34.670000 19.780000 12.098564
34.670000 21.260000 13.228403
34.670000 22.750000 13.554448
34.670000 24.230000 12.929872
34.670000 25.710000 11.601424
34.670000 27.200000 9.917199
34.670000 28.680000 8.205790
34.670000 30.160000 6.679653
34.670000 31.650000 5.403888
34.670000 33.130000 4.363098
34.670000 34.610000 3.536869
34.670000 36.100000 2.884697
34.670000 37.580000 2.371322
34.670000 39.060000 1.964326
34.670000 40.540000 1.639444
34.670000 42.030000 1.376585
34.670000 43.510000 1.170600
36.160000 0.500000 1.010949
36.160000 1.980000 1.177243
36.160000 3.470000 1.388852
36.160000 4.950000 1.649888
36.160000 6.430000 1.973481
36.160000 7.920000 2.378247
36.160000 9.400000 2.881805
36.160000 10.880000 3.519552
36.160000 12.370000 4.325498
36.160000 13.850000 5.322378
36.160000 15.330000 6.531021
36.160000 16.810000 7.949063
36.160000 18.300000 9.478590
36.160000 19.780000 10.883497
36.160000 21.260000 11.875605
36.160000 22.750000 12.160609
36.160000 24.230000 11.611875
36.160000 25.710000 10.444539
36.160000 27.200000 8.964743
36.160000 28.680000 7.456523
36.160000 30.160000 6.105458
36.160000 31.650000 4.969930
36.160000 33.130000 4.037025
36.160000 34.610000 3.292343
36.160000 36.100000 2.700330
36.160000 37.580000 2.231616
36.160000 39.060000 1.857551
36.160000 40.540000 1.556912
36.160000 42.030000 1.312078
36.160000 43.510000 1.120207
37.640000 0.500000 0.961873
37.640000 1.980000 1.117812
37.640000 3.470000 1.312729
37.640000 4.950000 1.552060
37.640000 6.430000 1.846108
37.640000 7.920000 2.210409
37.640000 9.400000 2.661929
37.640000 10.880000 3.229063
37.640000 12.370000 3.937407
37.640000 13.850000 4.806307
37.640000 15.330000 5.849139
37.640000 16.810000 7.061549
37.640000 18.300000 8.357345
37.640000 19.780000 9.538515
37.640000 21.260000 10.368622
37.640000 22.750000 10.598729
37.640000 24.230000 10.148829
37.640000 25.710000 9.167627
37.640000 27.200000 7.923560
37.640000 28.680000 6.642346
37.640000 30.160000 5.483101
37.640000 31.650000 4.501241
37.640000 33.130000 3.683877
37.640000 34.610000 3.029472
37.640000 36.100000 2.500684
37.640000 37.580000 2.080561
37.640000 39.060000 1.742498
37.640000 40.540000 1.467839
37.640000 42.030000 1.240809
37.640000 43.510000 1.058977
39.130000 0.500000 0.907165
39.130000 1.980000 1.053571
39.130000 3.470000 1.231254
39.130000 4.950000 1.447508
39.130000 6.430000 1.710100
39.130000 7.920000 2.032675
39.130000 9.400000 2.428826
39.130000 10.880000 2.920513
39.130000 12.370000 3.529178
39.130000 13.850000 4.264944
39.130000 15.330000 5.136956
39.130000 16.810000 6.136518
39.130000 18.300000 7.192227
39.130000 19.780000 8.146039
39.130000 21.260000 8.809215
39.130000 22.750000 8.992777
39.130000 24.230000 8.633944
39.130000 25.710000 7.848571
39.130000 27.200000 6.841177
39.130000 28.680000 5.793070
39.130000 30.160000 4.831828
39.130000 31.650000 4.005178
39.130000 33.130000 3.310677
39.130000 34.610000 2.748108
39.130000 36.100000 2.288053
39.130000 37.580000 1.918817
39.130000 39.060000 1.618976
39.130000 40.540000 1.372788
39.130000 42.030000 1.167757
39.130000 43.510000 1.001739
40.610000 0.500000 0.850389
40.610000 1.980000 0.991615
40.610000 3.470000 1.148757
40.610000 4.950000 1.341180
40.610000 6.430000 1.570210
40.610000 7.920000 1.850806
40.610000 9.400000 2.193046
40.610000 10.880000 2.610702
40.610000 12.370000 3.123381
40.610000 13.850000 3.731134
40.610000 15.330000 4.440320
40.610000 16.810000 5.239814
40.610000 18.300000 6.061327
40.610000 19.780000 6.797986
40.610000 21.260000 7.302633
40.610000 22.750000 7.438831
40.610000 24.230000 7.169831
40.610000 25.710000 6.567179
40.610000 27.200000 5.788687
40.610000 28.680000 4.963837
40.610000 30.160000 4.194533
40.610000 31.650000 3.520118
40.610000 33.130000 2.941470
40.610000 34.610000 2.467927
40.610000 36.100000 2.072305
40.610000 37.580000 1.751122
40.610000 39.060000 1.489081
40.610000 40.540000 1.270192
40.610000 42.030000 1.090211
40.610000 43.510000 0.940387
42.100000 0.500000 0.796284
42.100000 1.980000 0.921072
42.100000 3.470000 1.060836
42.100000 4.950000 1.229134
42.100000 6.430000 1.428793
42.100000 7.920000 1.671290
42.100000 9.400000 1.961837
42.100000 10.880000 2.310977
42.100000 12.370000 2.731576
42.100000 13.850000 3.219272
42.100000 15.330000 3.777065
42.100000 16.810000 4.390948
42.100000 18.300000 5.011888
42.100000 19.780000 5.560343
42.100000 21.260000 5.929021
42.100000 22.750000 6.030430
42.100000 24.230000 5.832436
42.100000 25.710000 5.391929
42.100000 27.200000 4.811244
42.100000 28.680000 4.186180
42.100000 30.160000 3.587060
42.100000 31.650000 3.049284
42.100000 33.130000 2.581125
42.100000 34.610000 2.190514
42.100000 36.100000 1.860323
42.100000 37.580000 1.587724
42.100000 39.060000 1.360186
42.100000 40.540000 1.169593
42.100000 42.030000 1.011114
42.100000 43.510000 0.879205
43.590000 0.500000 0.741450
43.590000 1.980000 0.850232
43.590000 3.470000 0.973196
43.590000 4.950000 1.120356
43.590000 6.430000 1.291582
43.590000 7.920000 1.499407
43.590000 9.400000 1.741248
43.590000 10.880000 2.028518
43.590000 12.370000 2.367831
43.590000 13.850000 2.751330
43.590000 15.330000 3.180988
43.590000 16.810000 3.642311
43.590000 18.300000 4.095239
43.590000 19.780000 4.493950
43.590000 21.260000 4.747210
43.590000 22.750000 4.821220
43.590000 24.230000 4.677888
43.590000 25.710000 4.368584
43.590000 27.200000 3.950347
43.590000 28.680000 3.494029
43.590000 30.160000 3.036878
43.590000 31.650000 2.620350
43.590000 33.130000 2.246242
43.590000 34.610000 1.930724
43.590000 36.100000 1.658881
43.590000 37.580000 1.431191
43.590000 39.060000 1.233326
43.590000 40.540000 1.068149
43.590000 42.030000 0.928618
43.590000 43.510000 0.810886
45.070000 0.500000 0.685988
45.070000 1.980000 0.781187
45.070000 3.470000 0.888489
45.070000 4.950000 1.015696
45.070000 6.430000 1.161853
45.070000 7.920000 1.336943
45.070000 9.400000 1.537289
45.070000 10.880000 1.771748
45.070000 12.370000 2.041113
45.070000 13.850000 2.337874
45.070000 15.330000 2.662136
45.070000 16.810000 2.997665
45.070000 18.300000 3.320985
45.070000 19.780000 3.597787
45.070000 21.260000 3.772904
45.070000 22.750000 3.824069
45.070000 24.230000 3.726716
45.070000 25.710000 3.513625
45.070000 27.200000 3.218520
45.070000 28.680000 2.888668
45.070000 30.160000 2.550699
45.070000 31.650000 2.232613
45.070000 33.130000 1.941803
45.070000 34.610000 1.688935
45.070000 36.100000 1.469229
45.070000 37.580000 1.279043
45.070000 39.060000 1.111167
45.070000 40.540000 0.970073
45.070000 42.030000 0.851516
45.070000 43.510000 0.749346
46.560000 0.500000 0.630700
46.560000 1.980000 0.718024
46.560000 3.470000 0.809766
46.560000 4.950000 0.921962
46.560000 6.430000 1.042868
46.560000 7.920000 1.190247
46.560000 9.400000 1.350249
46.560000 10.880000 1.538897
46.560000 12.370000 1.747518
46.560000 13.850000 1.972189
46.560000 15.330000 2.217763
46.560000 16.810000 2.460933
46.560000 18.300000 2.688263
46.560000 19.780000 2.881142
46.560000 21.260000 2.996213
46.560000 22.750000 3.033389
46.560000 24.230000 2.965031
46.560000 25.710000 2.821788
46.560000 27.200000 2.614307
46.560000 28.680000 2.380880
46.560000 30.160000 2.134099
46.560000 31.650000 1.896961
46.560000 33.130000 1.670623
46.560000 34.610000 1.468914
46.560000 36.100000 1.295433
46.560000 37.580000 1.139096
46.560000 39.060000 0.997291
46.560000 40.540000 0.878710
46.560000 42.030000 0.779028
46.560000 43.510000 0.691431
48.040000 0.500000 0.581184
48.040000 1.980000 0.653609
48.040000 3.470000 0.732495
48.040000 4.950000 0.826343
48.040000 6.430000 0.929740
48.040000 7.920000 1.050101
48.040000 9.400000 1.180153
48.040000 10.880000 1.330142
48.040000 12.370000 1.494805
48.040000 13.850000 1.668608
48.040000 15.330000 1.848287
48.040000 16.810000 2.022647
48.040000 18.300000 2.181735
48.040000 19.780000 2.311581
48.040000 21.260000 2.392179
48.040000 22.750000 2.415312
48.040000 24.230000 2.371583
48.040000 25.710000 2.273831
48.040000 27.200000 2.130914
48.040000 28.680000 1.965701
48.040000 30.160000 1.786634
48.040000 31.650000 1.608768
48.040000 33.130000 1.437939
48.040000 34.610000 1.279955
48.040000 36.100000 1.139206
48.040000 37.580000 1.009553
48.040000 39.060000 0.892496
48.040000 40.540000 0.792553
48.040000 42.030000 0.706973
48.040000 43.510000 0.630915
49.530000 0.500000 0.538172
49.530000 1.980000 0.600869
49.530000 3.470000 0.664298
49.530000 4.950000 0.743783
49.530000 6.430000 0.830366
49.530000 7.920000 0.930514
49.530000 9.400000 1.031541
49.530000 10.880000 1.149765
49.530000 12.370000 1.276293
49.530000 13.850000 1.409751
49.530000 15.330000 1.540738
49.530000 16.810000 1.667942
49.530000 18.300000 1.780423
49.530000 19.780000 1.869465
49.530000 21.260000 1.926635
49.530000 22.750000 1.940600
49.530000 24.230000 1.912644
49.530000 25.710000 1.846942
49.530000 27.200000 1.746126
49.530000 28.680000 1.629907
49.530000 30.160000 1.496612
49.530000 31.650000 1.362201
49.530000 33.130000 1.232717
49.530000 34.610000 1.108161
49.530000 36.100000 0.997620
49.530000 37.580000 0.892432
49.530000 39.060000 0.799076
49.530000 40.540000 0.718115
49.530000 42.030000 0.643048
49.530000 43.510000 0.579459
51.010000 0.500000 0.491976
51.010000 1.980000 0.539946
51.010000 3.470000 0.599986
51.010000 4.950000 0.668970
51.010000 6.430000 0.740123
51.010000 7.920000 0.818591
51.010000 9.400000 0.902113
51.010000 10.880000 0.994392
51.010000 12.370000 1.091412
51.010000 13.850000 1.191613
51.010000 15.330000 1.289500
51.010000 16.810000 1.382427
51.010000 18.300000 1.467973
51.010000 19.780000 1.531193
51.010000 21.260000 1.571514
51.010000 22.750000 1.578522
51.010000 24.230000 1.559228
51.010000 25.710000 1.511652
51.010000 27.200000 1.440578
51.010000 28.680000 1.355142
51.010000 30.160000 1.259321
51.010000 31.650000 1.159590
51.010000 33.130000 1.058596
51.010000 34.610000 0.961544
51.010000 36.100000 0.873002
51.010000 37.580000 0.787377
51.010000 39.060000 0.710284
51.010000 40.540000 0.639739
51.010000 42.030000 0.578313
51.010000 43.510000 0.521988
52.500000 0.500000 0.452274
52.500000 1.980000 0.487811
52.500000 3.470000 0.541477
52.500000 4.950000 0.601322
52.500000 6.430000 0.658947
52.500000 7.920000 0.721391
52.500000 9.400000 0.788802
52.500000 10.880000 0.862195
52.500000 12.370000 0.939540
52.500000 13.850000 1.018688
52.500000 15.330000 1.092238
52.500000 16.810000 1.157815
52.500000 18.300000 1.221368
52.500000 19.780000 1.260516
52.500000 21.260000 1.289060
52.500000 22.750000 1.289392
52.500000 24.230000 1.281179
52.500000 25.710000 1.249660
52.500000 27.200000 1.200730
52.500000 28.680000 1.137075
52.500000 30.160000 1.063578
52.500000 31.650000 0.988094
52.500000 33.130000 0.911300
52.500000 34.610000 0.837691
52.500000 36.100000 0.770269
52.500000 37.580000 0.700575
52.500000 39.060000 0.639723
52.500000 40.540000 0.579217
52.500000 42.030000 0.530602
52.500000 43.510000 0.480223
